_viz_1 = nengo_gui.components.Value(model.ensembles[0])
_viz_config[_viz_1].min_value = -10
_viz_config[_viz_1].y = 0.9443532377204176
_viz_config[_viz_1].max_value = 10
_viz_config[_viz_1].show_legend = False
_viz_config[_viz_1].height = 0.19573668181944204
_viz_config[_viz_1].legend_labels = ['label_0']
_viz_config[_viz_1].label_visible = True
_viz_config[_viz_1].width = 0.22681901658775835
_viz_config[_viz_1].synapse = 0.01
_viz_config[_viz_1].x = -0.623502571746171
_viz_2 = nengo_gui.components.Raster(model.ensembles[0])
_viz_config[_viz_2].label_visible = True
_viz_config[_viz_2].width = 0.24413808345576404
_viz_config[_viz_2].y = 0.39704992926869537
_viz_config[_viz_2].x = -0.6068564593972007
_viz_config[_viz_2].height = 0.2054627281210292
_viz_config[_viz_2].n_neurons = 10
_viz_net_graph = nengo_gui.components.NetGraph()
_viz_progress = nengo_gui.components.Progress()
_viz_config[_viz_progress].label_visible = True
_viz_config[_viz_progress].width = 100
_viz_config[_viz_progress].height = 100
_viz_config[_viz_progress].y = 0
_viz_config[_viz_progress].x = 0
_viz_sim_control = nengo_gui.components.SimControl()
_viz_config[_viz_sim_control].kept_time = 4.0
_viz_config[_viz_sim_control].shown_time = 0.5
_viz_config[model].pos=(1.0859671973208682, 0.45292939270132293)
_viz_config[model].size=(0.4423304392674727, 0.4423304392674727)
_viz_config[model].expanded=True
_viz_config[model].has_layout=True
_viz_config[model.ensembles[0]].pos=(0.5544442332442394, 0.20797881150239428)
_viz_config[model.ensembles[0]].size=(0.1, 0.1)
_viz_config[model.ensembles[1]].pos=(0.5592181471094837, 0.6980420504370191)
_viz_config[model.ensembles[1]].size=(0.1, 0.1)
_viz_config[model.ensembles[2]].pos=(0.5647599275263865, 1.0102602326191394)
_viz_config[model.ensembles[2]].size=(0.1, 0.1)
_viz_config[model.nodes[0]].pos=(-0.20068104558841793, 0.6544638548619293)
_viz_config[model.nodes[0]].size=(0.043961497536062315, 0.0532616987634115)
_viz_config[model.nodes[1]].pos=(-0.19713889339954996, 0.45232697991709536)
_viz_config[model.nodes[1]].size=(0.041559847430465056, 0.06398990318875629)
_viz_config[model.nodes[2]].pos=(-0.1994537934244091, 1.0447837819730117)
_viz_config[model.nodes[2]].size=(0.04316094750086325, 0.05744548863318115)
_viz_config[model.nodes[3]].pos=(-0.06463576664937705, 0.9306341156047147)
_viz_config[model.nodes[3]].size=(0.1, 0.1)
_viz_config[model.nodes[4]].pos=(0.23599256597028404, 0.6436366072387493)
_viz_config[model.nodes[4]].size=(0.1, 0.1)
_viz_config[model.nodes[5]].pos=(0.06849641848718031, 0.6597696192810922)
_viz_config[model.nodes[5]].size=(0.05196699788805342, 0.06723752385719074)