_viz_1 = nengo_gui.components.Value(model.ensembles[0])
_viz_config[_viz_1].max_value = 10
_viz_config[_viz_1].min_value = -10
_viz_config[_viz_1].show_legend = False
_viz_config[_viz_1].legend_labels = ['label_0']
_viz_config[_viz_1].synapse = 0.01
_viz_config[_viz_1].x = -0.23647775530347792
_viz_config[_viz_1].y = -0.45698448892162635
_viz_config[_viz_1].width = 0.33801962087695886
_viz_config[_viz_1].height = 0.3497401347769922
_viz_config[_viz_1].label_visible = True
_viz_2 = nengo_gui.components.Raster(model.ensembles[0])
_viz_config[_viz_2].n_neurons = 10
_viz_config[_viz_2].x = 0.6129586537842548
_viz_config[_viz_2].y = -0.4576068987773303
_viz_config[_viz_2].width = 0.33801962087695886
_viz_config[_viz_2].height = 0.3497401347769922
_viz_config[_viz_2].label_visible = True
_viz_net_graph = nengo_gui.components.NetGraph()
_viz_progress = nengo_gui.components.Progress()
_viz_config[_viz_progress].x = 0
_viz_config[_viz_progress].y = 0
_viz_config[_viz_progress].width = 100
_viz_config[_viz_progress].height = 100
_viz_config[_viz_progress].label_visible = True
_viz_sim_control = nengo_gui.components.SimControl()
_viz_config[_viz_sim_control].shown_time = 0.5
_viz_config[_viz_sim_control].kept_time = 4.0
_viz_config[model].pos=(1.2850571173108003, 0.994089922848268)
_viz_config[model].size=(0.3884762023875584, 0.3884762023875584)
_viz_config[model].expanded=True
_viz_config[model].has_layout=True
_viz_config[model.ensembles[0]].pos=(0.5544442332442394, 0.20797881150239428)
_viz_config[model.ensembles[0]].size=(0.1, 0.1)
_viz_config[model.ensembles[1]].pos=(0.5592181471094837, 0.6980420504370191)
_viz_config[model.ensembles[1]].size=(0.1, 0.1)
_viz_config[model.ensembles[2]].pos=(0.5647599275263865, 1.0102602326191394)
_viz_config[model.ensembles[2]].size=(0.1, 0.1)
_viz_config[model.nodes[0]].pos=(-0.5128955593160703, 0.6630105877687503)
_viz_config[model.nodes[0]].size=(0.1, 0.11308882911115012)
_viz_config[model.nodes[1]].pos=(-0.5149572573735957, 0.21871628046402092)
_viz_config[model.nodes[1]].size=(0.1, 0.11527030062967511)
_viz_config[model.nodes[2]].pos=(-0.5124688571872601, 1.0903663574760518)
_viz_config[model.nodes[2]].size=(0.1, 0.1087258860741)
_viz_config[model.nodes[3]].pos=(-0.06463576664937705, 0.9306341156047147)
_viz_config[model.nodes[3]].size=(0.1, 0.1)
_viz_config[model.nodes[4]].pos=(0.23599256597028404, 0.6436366072387493)
_viz_config[model.nodes[4]].size=(0.1, 0.1)
_viz_config[model.nodes[5]].pos=(-0.022766285525518074, 0.6583451637966227)
_viz_config[model.nodes[5]].size=(0.1, 0.1)